a = 123 34 56 
b = 67 39 12 
a+b = 191 14 8 
a-b = 55 55 44 
2b = 135 18 24 
a/3 = 41 11 39 
radians a = 2.15692
sin(b) = 0.924901
-a = -123 -34 -56 
